-1.15806e-07
-0.000782982
-0.00272059
-0.00596458
-0.0107448
-0.0173379
-0.0260285
-0.0370694
-0.0506447
-0.0668403
-0.0856267
-0.106855
-0.130266
-0.155515
-0.182201
-0.209907
-0.23824
-0.266861
-0.295518
-0.324058
-0.352428
-0.380665
-0.408872
-0.437187
-0.465747
-0.494655
-0.523949
-0.55358
-0.583411
-0.61321
-0.642677
-0.671462
-0.699198
-0.725536
-0.750175
-0.772887
-0.793532
-0.812064
-0.828519
-0.843001
-0.855655
-0.866634
-0.876071
-0.884053
-0.890602
-0.895666
-0.899127
-0.900812
-0.900518
-0.898042
-0.893211
-0.885908
-0.876091
-0.863809
-0.849197
-0.832469
-0.813894
-0.793769
-0.772392
-0.750026
-0.726876
-0.703072
-0.678663
-0.653622
-0.62786
-0.601259
-0.573697
-0.545084
-0.515394
-0.484684
-0.453109
-0.420922
-0.388455
-0.356101
-0.324281
-0.2934
-0.26382
-0.235824
-0.209594
-0.185203
-0.162617
-0.14171
-0.122296
-0.104161
-0.0871017
-0.0709655
-0.0556776
-0.0412624
-0.0278501
-0.0156682
-0.00502123
0.00374199
0.0102666
0.0142324
0.0153912
0.0135964
0.00882085
0.00116134
-0.00917157
-0.0218764
-0.0365937
-0.0529455
-0.0705752
-0.0891841
-0.108559
-0.12859
-0.149269
-0.170682
-0.192981
-0.216354
-0.240988
-0.267028
-0.294546
-0.323523
-0.353831
-0.38524
-0.417432
-0.450026
-0.482613
-0.51479
-0.546195
-0.576538
-0.605615
-0.633321
-0.659643
-0.684642
-0.708428
-0.731126
-0.752849
-0.773665
-0.793573
-0.812499
-0.830291
-0.84673
-0.861557
-0.874496
-0.885286
-0.893713
-0.899629
-0.902971
-0.903765
-0.90212
-0.898211
-0.892256
-0.884482
-0.875104
-0.864288
-0.85214
-0.83869
-0.823897
-0.807665
-0.789858
-0.770337
-0.748988
-0.725751
-0.700644
-0.673777
-0.645354
-0.61566
-0.585043
-0.553886
-0.522568
-0.491436
-0.460772
-0.430772
-0.401535
-0.373064
-0.345281
-0.318054
-0.291227
-0.264656
-0.238249
-0.21199
-0.185958
-0.16034
-0.135414
-0.111535
-0.0891016
-0.0685188
-0.0501576
-0.0343189
-0.0212039
-0.0108966
-0.00335901
0.00155867
0.00409567
0.00454745
0.00322667
0.000422773
-0.00363442
-0.00880268
-0.0150433
-0.0224226
-0.0310997
-0.0413014
-0.0532873
-0.0673109
-0.0835802
-0.102224
-0.123267
-0.146617
-0.172069
-0.199316
-0.227981
-0.257645
-0.287892
-0.318342
-0.348685
-0.3787
-0.40827
-0.43737
-0.46606
-0.494452
-0.522676
-0.550854
-0.579056
-0.607284
-0.635454
-0.663392
-0.690846
-0.717505
-0.743026
-0.767068
-0.789322
-0.809541
-0.827558
-0.843298
-0.856772
-0.86807
-0.877335
-0.884733
-0.890429
-0.89455
-0.897168
-0.898287
-0.897837
-0.895691
-0.891674
-0.885601
-0.877299
-0.866641
-0.853567
-0.838105
-0.820369
-0.800562
-0.778951
-0.755847
-0.731576
-0.70644
-0.680697
-0.654532
-0.628046
-0.601259
-0.574115
-0.546508
-0.518312
-0.489414
-0.459744
-0.429309
-0.398208
-0.36664
-0.334895
-0.303341
-0.272388
-0.242459
-0.213948
-0.187184
-0.162406
-0.139744
-0.119214
-0.100726
-0.0841068
-0.0691334
-0.0555682
-0.0431995
-0.0318773
-0.0215396
-0.0122282
-0.00408953
0.00263855
0.00765219
0.0106169
0.0112075
0.00914825
0.00424725
-0.00357779
-0.014287
-0.0277197
-0.0436093
-0.0616109
-0.0813369
-0.102397
-0.124436
-0.14717
-0.170407
-0.194059
-0.218138
-0.242739
-0.268014
-0.294135
-0.321259
-0.349491
-0.378857
-0.409286
-0.440604
-0.472546
-0.504768
-0.536883
-0.56849
-0.599214
-0.628734
-0.656805
-0.68328
-0.708103
-0.731303
-0.752972
-0.773237
-0.792228
-0.810046
-0.826739
-0.842284
-0.856584
-0.869469
-0.88072
-0.890085
-0.897319
-0.902203
-0.904582
-0.904373
-0.901586
-0.896314
-0.888728
-0.87905
-0.867531
-0.854418
-0.839923
-0.824203
-0.807344
-0.789355
-0.770176
-0.7497
-0.727794
-0.704337
-0.679244
-0.652501
-0.624177
-0.594441
-0.563548
-0.531832
-0.499676
-0.46748
-0.435627
-0.404446
-0.37419
-0.345014
-0.316972
-0.290021
-0.264046
-0.238884
-0.214365
-0.190344
-0.166739
-0.143554
-0.120898
-0.0989782
-0.0780949
-0.0586112
-0.0409202
-0.025405
-0.0123991
-0.00215235
0.00519502
0.00962479
0.0112397
0.0102484
0.00693799
0.00163796
-0.00531988
-0.0136412
-0.0231028
-0.0335763
-0.045039
-0.0575699
-0.0713324
-0.0865456
-0.103448
-0.122256
-0.143131
-0.166145
-0.191263
-0.218335
-0.247104
-0.277228
-0.308305
-0.339912
-0.371643
-0.403143
-0.434135
-0.464439
-0.493974
-0.522747
-0.550836
-0.578362
-0.605448
-0.632195
-0.658644
-0.684765
-0.710438
-0.735466
-0.759582
-0.782475
-0.803821
-0.823315
-0.840696
-0.85578
-0.868464
-0.878738
-0.886675
-0.892411
-0.896123
-0.897998
-0.898202
-0.896855
-0.894013
-0.88966
-0.883712
-0.876035
-0.86646
-0.854824
-0.84099
-0.824883
-0.806502
-0.785941
-0.763382
-0.739083
-0.713362
-0.686561
-0.65902
-0.631042
-0.602867
-0.574652
-0.546466
-0.518294
-0.490053
-0.461621
-0.432865
-0.40368
-0.374022
-0.343929
-0.313538
-0.283086
-0.252898
-0.223362
-0.194897
-0.167918
-0.142793
-0.11981
-0.0991582
-0.0809071
-0.0650131
-0.0513314
-0.0396436
-0.0296923
-0.021221
-0.014013
-0.00792415
-0.00290617
0.00098318
0.00358453
0.00465504
0.00389816
0.00100112
-0.00432453
-0.0123046
-0.0230707
-0.0366397
-0.0529065
-0.0716508
-0.092557
-0.115245
-0.13931
-0.164356
-0.190041
-0.216101
-0.24237
-0.268784
-0.295376
-0.32225
-0.349553
-0.377441
-0.406038
-0.43541
-0.465537
-0.496304
-0.527497
-0.558823
-0.589925
-0.620421
-0.649933
-0.67812
