1
0.999435
0.997726
0.994836
0.990708
0.985284
0.978511
0.970363
0.960847
0.950013
0.937954
0.924804
0.910726
0.895897
0.880495
0.864678
0.848571
0.832253
0.815754
0.799055
0.782099
0.764801
0.747074
0.728845
0.710079
0.690796
0.671081
0.651089
0.631038
0.611193
0.591853
0.573314
0.555853
0.539695
0.525
0.511842
0.500212
0.490022
0.481119
0.47331
0.466388
0.460162
0.454484
0.44927
0.444516
0.440299
0.436774
0.434155
0.432693
0.432649
0.434256
0.437702
0.443098
0.450466
0.459738
0.470753
0.483284
0.497048
0.511745
0.527081
0.542795
0.558687
0.574626
0.59056
0.606509
0.622552
0.638807
0.655407
0.672475
0.690099
0.708314
0.727094
0.746344
0.765909
0.785583
0.805129
0.824299
0.842858
0.860597
0.877354
0.893022
0.907544
0.920915
0.933166
0.94435
0.954524
0.963736
0.972008
0.979333
0.985672
0.990955
0.995096
0.998003
0.999591
0.999793
0.998579
0.99595
0.991948
0.986647
0.980147
0.972557
0.963985
0.954522
0.944231
0.93314
0.921244
0.908503
0.894861
0.880255
0.864637
0.847989
0.830339
0.811769
0.792422
0.772493
0.752218
0.73186
0.711683
0.691929
0.6728
0.654438
0.636914
0.620231
0.604323
0.589076
0.574345
0.559981
0.545858
0.531896
0.518083
0.504481
0.491231
0.478546
0.46669
0.455957
0.446638
0.438995
0.433233
0.429476
0.427758
0.428019
0.430112
0.433822
0.438888
0.445038
0.452012
0.459595
0.467636
0.476066
0.484892
0.494201
0.504137
0.514878
0.526613
0.539508
0.553684
0.569197
0.586024
0.604059
0.623123
0.642976
0.663339
0.68392
0.704437
0.724642
0.744343
0.763407
0.781769
0.799424
0.816412
0.832804
0.848676
0.864097
0.879105
0.8937
0.907834
0.92142
0.934332
0.946422
0.957534
0.96752
0.976255
0.983649
0.989649
0.994246
0.997466
0.99936
0.999995
0.999435
0.997733
0.994918
0.990991
0.985926
0.979675
0.972184
0.963399
0.953288
0.941853
0.929135
0.915226
0.900261
0.884412
0.867876
0.850856
0.833544
0.816099
0.79864
0.78123
0.763878
0.746543
0.729143
0.71158
0.693756
0.675598
0.657078
0.638233
0.619169
0.600061
0.581148
0.562714
0.545063
0.528492
0.513266
0.499589
0.487591
0.477311
0.468704
0.461645
0.455951
0.451403
0.447778
0.444877
0.44255
0.440719
0.439388
0.438641
0.438636
0.439587
0.441732
0.445312
0.450536
0.457554
0.46644
0.477177
0.489659
0.503697
0.519038
0.535388
0.552441
0.569909
0.587544
0.605159
0.622643
0.639954
0.657123
0.674227
0.691377
0.70869
0.726265
0.744163
0.762392
0.780902
0.79958
0.81826
0.836738
0.85479
0.872191
0.888735
0.90425
0.918612
0.931748
0.943631
0.954278
0.963731
0.972047
0.979277
0.985457
0.990595
0.994671
0.997634
0.999416
0.999939
0.999128
0.996928
0.993311
0.988289
0.981909
0.974258
0.965449
0.95561
0.944871
0.933349
0.921134
0.908279
0.894797
0.880664
0.865828
0.850219
0.833774
0.81645
0.798244
0.779207
0.759452
0.739152
0.718534
0.697859
0.67741
0.657458
0.638244
0.619957
0.602718
0.586571
0.571485
0.557364
0.544066
0.531424
0.519275
0.507488
0.495986
0.484764
0.473896
0.463535
0.453902
0.445262
0.437904
0.432103
0.428097
0.426057
0.426071
0.428132
0.432141
0.437916
0.445214
0.453755
0.463255
0.473453
0.484139
0.495172
0.506489
0.51811
0.53012
0.542661
0.555898
0.569996
0.585096
0.601285
0.618585
0.63694
0.656221
0.676228
0.696715
0.717404
0.738017
0.758292
0.778008
0.797001
0.815165
0.832459
0.84889
0.864507
0.879376
0.893565
0.907124
0.920073
0.932394
0.944026
0.954876
0.964822
0.973733
0.981478
0.987946
0.993052
0.99675
0.999034
0.999933
0.999503
0.997818
0.994956
0.990984
0.985946
0.97986
0.972713
0.964468
0.95507
0.944466
0.932615
0.919505
0.905167
0.88968
0.873174
0.855824
0.837837
0.819439
0.80085
0.782268
0.763852
0.745704
0.727868
0.710329
0.693018
0.675835
0.658663
0.641397
0.623963
0.606346
0.588593
0.570831
0.553255
0.53612
0.519719
0.504359
0.490329
0.477874
0.467173
0.458321
0.451321
0.446088
0.442464
0.440235
0.43916
0.439004
0.43956
0.440684
0.442302
0.444425
0.447144
0.450619
0.455056
0.460679
0.467707
0.476318
0.486625
0.498665
0.512384
0.527642
0.544224
0.561861
0.58025
0.599091
0.618103
0.637058
0.655787
0.674195
0.692259
0.710012
0.727534
0.744926
0.762287
0.779693
0.79718
0.814733
0.832279
0.849694
0.866809
0.88343
0.899352
0.914378
0.928337
0.941099
0.952577
0.962733
0.971571
0.979125
0.98545
0.990599
0.99462
0.997533
0.999334
0.999991
0.999449
0.997641
0.994501
0.989979
0.984052
0.976733
0.968076
0.958175
0.947157
0.93517
0.922366
0.908891
0.894864
0.880368
0.865442
0.850083
0.834246
0.817863
0.800857
0.783161
0.764741
0.74561
0.725843
0.70558
0.685023
0.664424
0.644067
0.624243
0.605227
0.587251
0.570483
