0
-4.41408e-16
-1.47136e-16
4.41408e-16
7.3568e-16
2.94272e-16
-1.47136e-16
-1.02995e-15
-8.82816e-16
-8.82816e-16
-1.02995e-15
-5.88544e-16
-4.41408e-16
1.47136e-16
1.47136e-16
2.94272e-16
-2.94272e-16
2.94272e-16
1.47136e-16
8.82816e-16
4.41408e-16
5.88544e-16
-1.47136e-16
-2.94272e-16
7.3568e-16
1.17709e-15
-2.94272e-16
1.91277e-15
1.32422e-15
7.3568e-16
1.17709e-15
1.32422e-15
0
-5.88544e-16
-1.47136e-16
-4.41408e-16
0
-8.82816e-16
-2.94272e-16
1.47136e-16
7.3568e-16
-5.88544e-16
1.47136e-16
-5.88544e-16
2.94272e-16
2.94272e-16
8.82816e-16
1.47136e-15
1.47136e-15
1.17709e-15
3.08986e-15
7.3568e-16
1.02995e-15
1.17709e-15
1.47136e-15
1.47136e-15
1.32422e-15
8.82816e-16
8.82816e-16
7.3568e-16
1.32422e-15
1.17709e-15
1.76563e-15
2.64845e-15
1.91277e-15
1.02995e-15
1.76563e-15
1.17709e-15
2.79558e-15
1.17709e-15
1.47136e-15
1.6185e-15
-1.47136e-16
1.02995e-15
1.47136e-16
1.76563e-15
8.82816e-16
1.47136e-16
1.6185e-15
1.32422e-15
8.82816e-16
1.17709e-15
2.0599e-15
7.3568e-16
1.47136e-16
4.41408e-16
7.3568e-16
1.47136e-16
1.17709e-15
1.02995e-15
1.32422e-15
5.88544e-16
-7.3568e-16
-4.41408e-16
-5.88544e-16
-1.32422e-15
-1.02995e-15
-2.20704e-15
-1.76563e-15
-1.76563e-15
-1.47136e-15
-1.02995e-15
-5.88544e-16
-1.6185e-15
1.47136e-16
1.32422e-15
8.82816e-16
1.32422e-15
1.32422e-15
-1.02995e-15
-8.82816e-16
-5.88544e-16
-5.88544e-16
0
-1.17709e-15
-1.02995e-15
0
4.41408e-16
1.47136e-16
1.47136e-16
-8.82816e-16
2.94272e-16
-4.41408e-16
-1.17709e-15
-1.76563e-15
-1.02995e-15
1.47136e-16
-4.41408e-16
4.41408e-16
4.41408e-16
2.20704e-15
3.97267e-15
1.91277e-15
2.50131e-15
1.91277e-15
3.38413e-15
3.08986e-15
2.79558e-15
1.76563e-15
1.76563e-15
2.64845e-15
2.35418e-15
1.32422e-15
1.91277e-15
5.88544e-16
2.50131e-15
2.35418e-15
1.47136e-16
1.32422e-15
2.94272e-16
2.94272e-16
7.3568e-16
8.82816e-16
7.3568e-16
-2.94272e-16
-8.82816e-16
8.82816e-16
7.3568e-16
-8.82816e-16
-5.88544e-16
-5.88544e-16
-1.47136e-16
-2.94272e-16
-8.82816e-16
-8.82816e-16
-1.47136e-15
-1.32422e-15
-1.76563e-15
-1.32422e-15
-1.17709e-15
-2.94272e-15
-3.08986e-15
-2.35418e-15
-1.6185e-15
-1.76563e-15
-3.23699e-15
-2.20704e-15
-3.23699e-15
-2.79558e-15
-4.56122e-15
-4.11981e-15
-3.08986e-15
-4.56122e-15
-4.85549e-15
-4.56122e-15
-3.82554e-15
-3.82554e-15
-5.00262e-15
-4.41408e-15
-5.14976e-15
-4.85549e-15
-4.70835e-15
-4.85549e-15
-5.2969e-15
-5.44403e-15
-4.70835e-15
-3.82554e-15
-3.6784e-15
-4.70835e-15
-5.2969e-15
-5.59117e-15
-6.32685e-15
-7.65107e-15
-5.88544e-15
-5.88544e-15
-5.00262e-15
-5.14976e-15
-5.2969e-15
-7.20966e-15
-6.32685e-15
-6.17971e-15
-7.65107e-15
-8.09248e-15
-6.62112e-15
-8.23962e-15
-8.53389e-15
-8.09248e-15
-7.06253e-15
-7.79821e-15
-7.3568e-15
-7.79821e-15
-7.94534e-15
-8.38675e-15
-7.79821e-15
-8.53389e-15
-7.65107e-15
-8.82816e-15
-7.3568e-15
-7.3568e-15
-7.94534e-15
-7.06253e-15
-6.47398e-15
-7.20966e-15
-7.79821e-15
-7.06253e-15
-7.79821e-15
-8.09248e-15
-8.82816e-15
-8.82816e-15
-9.26957e-15
-8.82816e-15
-9.26957e-15
-8.9753e-15
-9.71098e-15
-8.68102e-15
-7.65107e-15
-6.91539e-15
-7.50394e-15
-7.50394e-15
-8.23962e-15
-7.94534e-15
-7.50394e-15
-6.47398e-15
-5.88544e-15
-7.06253e-15
-7.3568e-15
-7.79821e-15
-9.56384e-15
-8.09248e-15
-8.23962e-15
-8.09248e-15
-8.68102e-15
-7.3568e-15
-8.53389e-15
-9.26957e-15
-9.56384e-15
-8.53389e-15
-9.12243e-15
-9.71098e-15
-8.38675e-15
-7.65107e-15
-9.71098e-15
-8.23962e-15
-7.79821e-15
-7.20966e-15
-7.50394e-15
-7.3568e-15
-6.32685e-15
-6.03258e-15
-5.88544e-15
-6.76826e-15
-6.76826e-15
-8.09248e-15
-8.09248e-15
-7.94534e-15
-8.53389e-15
-7.3568e-15
-7.79821e-15
-8.23962e-15
-7.3568e-15
-7.3568e-15
-7.94534e-15
-8.23962e-15
-8.09248e-15
-9.12243e-15
-7.50394e-15
-7.3568e-15
-7.65107e-15
-8.53389e-15
-8.53389e-15
-6.76826e-15
-5.2969e-15
-4.11981e-15
-3.23699e-15
-3.38413e-15
-5.00262e-15
-5.44403e-15
-5.59117e-15
-4.56122e-15
-4.70835e-15
-4.11981e-15
-5.00262e-15
-5.2969e-15
-6.76826e-15
-6.62112e-15
-7.3568e-15
-6.03258e-15
-6.17971e-15
-6.17971e-15
-5.14976e-15
-4.85549e-15
-4.85549e-15
-5.44403e-15
-6.47398e-15
-5.14976e-15
-4.70835e-15
-5.2969e-15
-4.70835e-15
-4.26694e-15
-5.88544e-15
-5.14976e-15
-4.70835e-15
-3.82554e-15
-5.14976e-15
-3.97267e-15
-4.26694e-15
-3.08986e-15
-2.50131e-15
-2.64845e-15
-3.53126e-15
-1.76563e-15
-3.38413e-15
-2.35418e-15
-3.6784e-15
-4.85549e-15
-5.7383e-15
-6.32685e-15
-5.14976e-15
-4.85549e-15
-3.82554e-15
-4.41408e-15
-4.26694e-15
-3.38413e-15
-5.59117e-15
-4.56122e-15
-4.85549e-15
-5.59117e-15
-5.59117e-15
-6.17971e-15
-5.7383e-15
-5.2969e-15
-5.2969e-15
-5.2969e-15
-4.70835e-15
-6.47398e-15
-4.70835e-15
-6.62112e-15
-6.62112e-15
-4.85549e-15
-7.50394e-15
-6.91539e-15
-8.09248e-15
-7.79821e-15
-7.65107e-15
-8.23962e-15
-8.09248e-15
-7.3568e-15
-7.3568e-15
-6.76826e-15
-7.65107e-15
-7.3568e-15
-6.91539e-15
-6.62112e-15
-7.20966e-15
-6.62112e-15
-6.76826e-15
-6.62112e-15
-6.47398e-15
-6.47398e-15
-6.17971e-15
-6.76826e-15
-6.62112e-15
-7.50394e-15
-7.20966e-15
-7.94534e-15
-8.09248e-15
-8.53389e-15
-8.23962e-15
-7.79821e-15
-8.68102e-15
-8.68102e-15
-9.26957e-15
-1.01524e-14
-8.68102e-15
-8.9753e-15
-8.68102e-15
-7.79821e-15
-8.23962e-15
-9.12243e-15
-9.12243e-15
-9.26957e-15
-1.04467e-14
-1.04467e-14
-1.02995e-14
-9.71098e-15
-8.9753e-15
-9.71098e-15
-9.71098e-15
-1.02995e-14
-9.85811e-15
-9.71098e-15
-9.71098e-15
-1.08881e-14
-1.11823e-14
-1.13295e-14
-1.00052e-14
-1.04467e-14
-8.9753e-15
-9.56384e-15
-8.68102e-15
-9.56384e-15
-9.56384e-15
-8.82816e-15
-8.9753e-15
-8.68102e-15
-9.26957e-15
-9.12243e-15
-8.09248e-15
-8.53389e-15
-1.04467e-14
-8.9753e-15
-9.26957e-15
-7.65107e-15
-5.88544e-15
-5.2969e-15
-7.3568e-15
-5.88544e-15
-5.00262e-15
-5.14976e-15
-5.14976e-15
-6.03258e-15
-7.3568e-15
-6.76826e-15
-7.06253e-15
-6.62112e-15
-7.20966e-15
-6.76826e-15
-7.65107e-15
-7.65107e-15
-7.20966e-15
-7.06253e-15
-6.17971e-15
-6.47398e-15
-6.03258e-15
-7.20966e-15
-6.17971e-15
-6.03258e-15
-5.2969e-15
-4.70835e-15
-6.76826e-15
-7.50394e-15
-6.91539e-15
-7.94534e-15
-9.26957e-15
-8.23962e-15
-8.09248e-15
-7.20966e-15
-8.23962e-15
-9.12243e-15
-8.53389e-15
-8.23962e-15
-8.9753e-15
-9.12243e-15
-9.12243e-15
-9.12243e-15
-1.07409e-14
-9.85811e-15
-1.13295e-14
-1.00052e-14
-1.16237e-14
-1.17709e-14
-1.08881e-14
-9.71098e-15
-1.07409e-14
-1.14766e-14
-1.07409e-14
-1.08881e-14
-1.07409e-14
-1.08881e-14
-1.10352e-14
