-1.6787e-05
-0.0336113
-0.0673432
-0.101321
-0.135577
-0.170045
-0.204545
-0.238793
-0.272413
-0.304972
-0.336021
-0.365129
-0.39193
-0.416153
-0.437643
-0.456367
-0.472409
-0.485943
-0.497207
-0.506455
-0.513922
-0.519782
-0.524122
-0.526928
-0.528079
-0.527368
-0.524526
-0.51926
-0.511296
-0.500416
-0.486494
-0.469521
-0.449612
-0.426998
-0.402011
-0.375052
-0.346546
-0.316908
-0.286498
-0.255591
-0.224359
-0.192864
-0.16107
-0.128864
-0.0960915
-0.0625992
-0.0282721
0.00692928
0.042943
0.0795941
0.116597
0.153572
0.190076
0.225643
0.259819
0.29221
0.322512
0.350533
0.3762
0.399558
0.420743
0.439953
0.457407
0.473305
0.487789
0.500916
0.512638
0.522805
0.531175
0.537444
0.541279
0.542365
0.540438
0.535327
0.526974
0.515446
0.500929
0.483713
0.464159
0.442661
0.419605
0.395325
0.37008
0.344022
0.317201
0.289564
0.260984
0.231295
0.200326
0.167946
0.134102
0.0988387
0.0623206
0.0248242
-0.0132758
-0.0515355
-0.0894796
-0.126643
-0.162613
-0.197062
-0.229768
-0.260633
-0.289667
-0.316977
-0.34273
-0.367117
-0.390309
-0.412422
-0.433485
-0.453424
-0.472058
-0.489115
-0.504255
-0.517107
-0.527313
-0.534563
-0.538638
-0.539429
-0.536953
-0.531348
-0.52286
-0.511805
-0.498542
-0.483423
-0.466755
-0.448768
-0.429595
-0.40926
-0.38769
-0.364737
-0.340207
-0.313905
-0.285676
-0.255438
-0.223211
-0.189135
-0.153466
-0.116563
-0.0788605
-0.0408295
-0.00293781
0.0343919
0.0708167
0.106098
0.140114
0.172853
0.204398
0.234891
0.264502
0.293382
0.321626
0.349244
0.376141
0.402115
0.42687
0.450035
0.471209
0.489994
0.50604
0.519079
0.528955
0.535634
0.539207
0.539869
0.537893
0.533595
0.527288
0.519247
0.509669
0.498656
0.486205
0.472214
0.456505
0.438855
0.419037
0.396863
0.372216
0.345086
0.315579
0.283923
0.250453
0.215582
0.179768
0.143471
0.107111
0.0710336
0.0354846
0.000596691
-0.0336071
-0.0671961
-0.100302
-0.133081
-0.165674
-0.198163
-0.230548
-0.262722
-0.294466
-0.325465
-0.355328
-0.383623
-0.409919
-0.433829
-0.455042
-0.473358
-0.488697
-0.5011
-0.510718
-0.517782
-0.522567
-0.525347
-0.526362
-0.525777
-0.52366
-0.519978
-0.514595
-0.5073
-0.497832
-0.485928
-0.471358
-0.453965
-0.433696
-0.410618
-0.384921
-0.356904
-0.326953
-0.295502
-0.262994
-0.229838
-0.196375
-0.162847
-0.12939
-0.0960279
-0.0626958
-0.0292645
0.00442037
0.0384976
0.0730513
0.108079
0.143472
0.179008
0.214363
0.249133
0.282868
0.315113
0.345449
0.37353
0.399117
0.422086
0.442438
0.460278
0.475795
0.489224
0.500803
0.510735
0.519152
0.52609
0.531481
0.535158
0.536874
0.536332
0.533229
0.527292
0.518321
0.506217
0.491002
0.472822
0.451935
0.42869
0.403489
0.376748
0.348856
0.320136
0.290818
0.261026
0.230778
0.199999
0.168553
0.136277
0.103023
0.0686982
0.0332955
-0.00308292
-0.0402199
-0.0777917
-0.115389
-0.152553
-0.188811
-0.223723
-0.256918
-0.288122
-0.31718
-0.344056
-0.36882
-0.391626
-0.412674
-0.432171
-0.450287
-0.467124
-0.48269
-0.496885
-0.509509
-0.520281
-0.528867
-0.53492
-0.538124
-0.538231
-0.535094
-0.528684
-0.519099
-0.506552
-0.49135
-0.473858
-0.454459
-0.433515
-0.411326
-0.388101
-0.363948
-0.338867
-0.312767
-0.285494
-0.256865
-0.226714
-0.194926
-0.161476
-0.126445
-0.0900347
-0.0525569
-0.0144132
0.0239373
0.0620177
0.0993752
0.13562
0.170458
0.203705
0.235298
0.265276
0.293765
0.320937
0.34697
0.37201
0.396135
0.419326
0.441461
0.462311
0.481566
0.498858
0.513803
0.526043
0.535284
0.541331
0.544105
0.543654
0.540143
0.533831
0.525041
0.514119
0.501391
0.487127
0.471508
0.454616
0.436425
0.416821
0.395624
0.372624
0.347628
0.320493
0.291164
0.259698
0.22627
0.191171
0.154787
0.117564
0.0799752
0.0424746
0.00545829
-0.030767
-0.0660036
-0.100169
-0.133286
-0.16546
-0.196843
-0.227598
-0.257853
-0.287667
-0.317007
-0.345728
-0.373582
-0.400233
-0.425283
-0.448315
-0.46893
-0.486793
-0.501661
-0.513407
-0.522031
-0.527648
-0.530473
-0.530786
-0.528894
-0.525086
-0.519599
-0.512584
-0.504091
-0.494067
-0.482364
-0.46877
-0.453045
-0.434956
-0.414324
-0.391059
-0.365177
-0.336822
-0.306251
-0.273823
-0.239966
-0.205136
-0.169779
-0.134289
-0.0989751
-0.064041
-0.0295781
0.00442641
0.0380677
0.0714895
0.104845
0.138255
0.171773
0.205356
0.238852
0.272001
0.304451
0.335783
0.365553
0.393333
0.418748
0.441515
0.461462
0.478542
0.492824
0.50448
0.513744
0.520883
0.526149
0.529741
0.531779
0.53228
0.531156
0.528229
0.523251
0.515943
0.506036
0.49331
0.47763
0.458974
0.437441
0.413251
0.386729
0.358271
0.32831
0.297272
0.265537
0.233406
0.201077
0.168638
0.136075
0.103291
0.0701409
0.0364695
0.00215333
-0.0328631
-0.0685389
-0.104722
-0.141148
-0.177456
-0.213216
-0.247965
-0.281249
-0.312664
-0.341893
-0.368727
-0.393078
-0.414977
-0.434554
-0.452007
-0.467564
-0.481444
-0.493814
-0.50476
-0.514267
-0.522216
-0.528392
-0.532513
-0.534258
-0.533316
-0.529422
-0.522394
-0.512161
-0.498776
-0.482415
-0.463359
