100
99.9649
99.8577
99.6688
99.3835
98.9838
98.4513
97.7696
96.927
95.9183
94.7461
93.4211
91.9611
90.3895
88.7329
87.0179
85.2691
83.506
81.7422
79.9843
78.2322
76.4804
74.7197
72.9394
71.1301
69.2859
67.4059
65.4964
63.5703
61.6471
59.7514
57.9104
56.1517
54.5
52.975
51.5895
50.3484
49.2492
48.2826
47.4349
46.69
46.0323
45.4491
44.9325
44.4809
44.0997
43.8005
43.6002
43.5189
43.5774
43.7946
44.1848
44.7555
45.5063
46.4288
47.5067
48.7185
50.0388
51.442
52.9045
54.407
55.9366
57.4867
59.0579
60.656
62.2908
63.9736
65.7147
67.5213
69.3951
71.331
73.3169
75.3338
77.3575
79.3604
81.3147
83.1944
84.9787
86.653
88.2103
89.651
90.9819
92.2147
93.363
94.4404
95.4576
96.4209
97.3298
98.1776
98.9507
99.6303
100.194
100.62
100.885
100.975
100.877
100.592
100.125
99.4903
98.7074
97.8001
96.7924
95.7068
94.5613
93.3681
92.1324
90.8531
89.5232
88.1316
86.6658
85.1137
83.4667
81.7212
79.8809
77.9565
75.9659
73.9328
71.8844
69.8488
67.8524
65.9174
64.0597
62.2879
60.6035
59.0016
57.4728
56.005
54.5865
53.208
51.8647
50.5583
49.2968
48.0951
46.9737
45.9562
45.0675
44.3308
43.7647
43.3815
43.1853
43.1719
43.3297
43.641
44.0842
44.6373
45.2795
45.9945
46.7715
47.6067
48.5028
49.4684
50.5162
51.6608
52.9162
54.2932
55.7974
57.4273
59.1737
61.0201
62.944
64.9187
66.9161
68.9097
70.8767
72.8002
74.6702
76.4837
78.2443
79.9599
81.6412
83.299
84.9416
86.5729
88.1907
89.786
91.3433
92.8411
94.2546
95.5573
96.7245
97.7357
98.5765
99.2407
99.7301
100.054
100.227
100.27
100.201
100.04
99.8008
99.4921
99.1163
98.6686
98.1387
97.5117
96.7707
95.8993
94.8844
93.7181
92.3995
90.936
89.3422
87.6396
85.8537
84.012
82.1411
80.2638
78.3977
76.5534
74.7347
72.939
71.1589
69.3845
67.6055
65.8136
64.0052
62.1823
60.3541
58.5365
56.751
55.0235
53.3812
51.8503
50.4528
49.2049
48.115
47.1838
46.4042
45.7635
45.2451
44.8312
44.5058
44.2562
44.0759
43.9646
43.9289
43.9814
44.1391
44.4213
44.8468
45.4312
46.1851
47.1113
48.2049
49.453
50.8359
52.3291
53.9062
55.5412
57.2116
58.8999
60.5955
62.2943
63.9988
65.7162
67.4567
69.2311
71.0478
72.9115
74.8204
76.7663
78.7335
80.7004
82.6413
84.5282
86.3341
88.0355
89.6147
91.0612
92.3723
93.5524
94.612
95.5652
96.4274
97.2126
97.9311
98.5879
99.1811
99.7024
100.137
100.466
100.668
100.721
100.608
100.315
99.8375
99.1781
98.3476
97.3639
96.2497
95.0302
93.7302
92.3714
90.9706
89.5379
88.0767
86.5842
85.0523
83.47
81.8255
80.1091
78.315
76.4434
74.5017
72.5044
70.4724
68.4315
66.4096
64.4343
62.5302
60.7163
59.005
57.401
55.9019
54.4995
53.1819
51.9358
50.7491
49.6131
48.5248
47.4873
46.5107
45.6114
44.8103
44.131
43.5966
43.2276
43.0391
43.0388
43.2261
43.5923
44.1218
44.7936
45.5844
46.4709
47.4328
48.4547
49.5275
50.6489
51.8231
53.0593
54.37
55.7687
57.2669
58.8723
60.5865
62.4037
64.3108
66.2879
68.31
70.3491
72.3776
74.3701
76.3066
78.1733
79.9639
81.6789
83.3247
84.9114
86.4509
87.9536
89.427
90.8732
92.2877
93.6594
94.9707
96.1993
97.3201
98.3079
99.1405
99.8007
100.279
100.573
100.689
100.641
100.447
100.129
99.7085
99.2031
98.6267
97.987
97.2846
96.5137
95.6632
94.7186
93.6645
92.487
91.1762
89.7285
88.1475
86.4446
84.6384
82.7529
80.8155
78.8539
76.8934
74.9551
73.0533
71.1957
69.383
67.6101
65.868
64.1459
62.434
60.7256
59.0191
57.3193
55.6381
53.9935
52.4089
50.9105
49.5246
48.2753
47.1815
46.2553
45.5006
44.9135
44.4829
44.1925
44.0236
43.9571
43.9766
44.0704
44.233
44.4656
44.7758
45.177
45.6856
46.3197
47.0956
48.0254
49.1153
50.3639
51.7616
53.2915
54.9308
56.6532
58.4315
60.2403
62.0588
63.8719
65.6716
67.4565
69.2311
71.004
72.7856
74.5857
76.4112
78.2638
80.1389
82.0248
83.9033
85.7508
87.5404
89.2448
90.8386
92.3012
93.6188
94.7852
95.802
96.6778
97.4263
98.064
98.6074
99.0708
99.4639
99.7902
100.046
100.223
100.305
100.272
100.106
99.7862
99.2989
98.6353
97.7946
96.7842
95.6192
94.3208
92.914
91.4251
89.8787
88.2953
86.6898
85.07
83.4372
81.7869
80.1101
78.3959
76.6338
74.8163
72.9406
71.0106
69.0371
67.0379
65.0364
63.0596
61.1356
59.2905
57.5463
