-0.0016787
-3.36185
-6.74007
-10.151
-13.6005
-17.0831
-20.58
-24.0597
-27.4801
-30.7916
-33.9427
-36.8842
-39.5753
-41.9868
-44.1039
-45.9271
-47.4702
-48.7583
-49.8224
-50.6955
-51.4069
-51.9784
-52.4209
-52.7325
-52.8988
-52.8943
-52.6854
-52.235
-51.5076
-50.4736
-49.1148
-47.4264
-45.4194
-43.1195
-40.5649
-37.8022
-34.8813
-31.8506
-28.7514
-25.6152
-22.4605
-19.2932
-16.1072
-12.8879
-9.61549
-6.26985
-2.83517
0.695876
4.31907
8.01692
11.7587
15.5026
19.1988
22.7945
26.239
29.4888
32.5116
35.2888
37.8167
40.1047
42.1732
44.0488
45.7599
47.332
48.783
50.1202
51.3383
52.4193
53.3338
54.0444
54.5097
54.6897
54.5503
54.0686
53.2355
52.0579
50.5575
48.769
46.7359
44.5057
42.1243
39.6316
37.0575
34.4193
31.7219
28.9579
26.1112
23.1602
20.0826
16.86
13.4825
9.95188
6.28322
2.50542
-1.3408
-5.20617
-9.03755
-12.7831
-16.3974
-19.8454
-23.1054
-26.1698
-29.044
-31.7441
-34.2929
-36.7149
-39.0321
-41.2593
-43.4008
-45.4484
-47.381
-49.1664
-50.7636
-52.1275
-53.214
-53.9851
-54.4134
-54.4856
-54.2043
-53.5869
-52.6644
-51.4764
-50.0671
-48.4792
-46.75
-44.9068
-42.9648
-40.9266
-38.7824
-36.5134
-34.0949
-31.5015
-28.7112
-25.7105
-22.4975
-19.0844
-15.4973
-11.7751
-7.96573
-4.12203
-0.296321
3.46466
7.12392
10.6571
14.0535
17.3153
20.4553
23.493
26.4503
29.3464
32.194
34.9954
37.7404
40.4062
42.9579
45.3522
47.5411
49.4771
51.1186
52.4341
53.4064
54.0336
54.3289
54.3188
54.0387
53.5286
52.8276
51.9694
50.978
49.8656
48.6314
47.2626
45.7367
44.0253
42.0988
39.931
37.504
34.8119
31.863
28.6803
25.2999
21.7682
18.1369
14.458
10.7789
7.13761
3.56032
0.0597895
-3.36396
-6.72146
-10.0302
-13.3104
-16.5802
-19.851
-23.1244
-26.3896
-29.6228
-32.7881
-35.8405
-38.7299
-41.4063
-43.8249
-45.9509
-47.7631
-49.2552
-50.4361
-51.3275
-51.9603
-52.3699
-52.5913
-52.654
-52.5783
-52.3728
-52.033
-51.5424
-50.8745
-49.9967
-48.8747
-47.4778
-45.7834
-43.7812
-41.4752
-38.8848
-36.0432
-32.9943
-29.7879
-26.4753
-23.1032
-19.71
-16.3225
-12.9544
-9.60669
-6.26976
-2.92672
0.442297
3.85545
7.32474
10.8523
14.4277
18.0276
21.616
25.1473
28.5702
31.833
34.8885
37.6987
40.2388
42.4983
44.4817
46.206
47.6974
48.9867
50.1045
51.0762
51.9183
52.6355
53.2198
53.6508
53.898
53.9245
53.6915
53.1635
52.3134
51.1262
49.6016
47.7552
45.6165
43.2265
40.6328
37.8844
35.027
32.098
29.1237
26.1173
23.0796
20.0006
16.8625
13.6445
10.3267
6.89555
3.34701
-0.310369
-4.05452
-7.85055
-11.6532
-15.411
-19.0709
-22.584
-25.9097
-29.0199
-31.9003
-34.5513
-36.9853
-39.2241
-41.2943
-43.2221
-45.0294
-46.7291
-48.3226
-49.7984
-51.1327
-52.2914
-53.2336
-53.9164
-54.2999
-54.3525
-54.0548
-53.4021
-52.4059
-51.0918
-49.4974
-47.6668
-45.6467
-43.4802
-41.2028
-38.839
-36.4006
-33.8869
-31.2858
-28.5778
-25.7395
-22.7483
-19.5876
-16.2506
-12.7428
-9.08396
-5.30701
-1.45598
2.41799
6.26158
10.0245
13.6643
17.15
20.4643
23.6036
26.5766
29.4013
32.1004
34.697
37.2097
39.6488
42.0129
44.2881
46.4479
48.4552
50.2658
51.8331
53.1137
54.0716
54.6832
54.9398
54.8483
54.4303
53.7192
52.7555
51.5821
50.239
48.7588
47.1633
45.4617
43.6505
41.715
39.6325
37.376
34.9194
32.2422
29.3335
26.1953
22.8442
19.3105
15.6363
11.8716
8.06953
4.28085
0.549364
-3.092
-6.62336
-10.0383
-13.3427
-16.5514
-19.6845
-22.7629
-25.8032
-28.8138
-31.792
-34.7222
-37.5762
-40.3149
-42.8919
-45.2577
-47.3655
-49.1759
-50.6614
-51.8091
-52.6215
-53.1159
-53.3209
-53.2729
-53.0106
-52.5701
-51.9803
-51.2597
-50.414
-49.4365
-48.3088
-47.0043
-45.492
-43.7413
-41.7273
-39.4347
-36.8613
-34.0199
-30.9377
-27.6544
-24.2182
-20.6811
-17.0939
-13.5007
-9.93551
-6.41978
-2.96164
0.442848
3.80695
7.14942
10.4899
13.8445
17.2211
20.6168
24.0157
27.389
30.6967
33.8907
36.92
39.735
42.2933
44.5639
46.5298
48.1893
49.5549
50.6508
51.5084
52.1621
52.6437
52.9781
53.18
53.2515
53.182
52.9494
52.5228
51.8668
50.9462
49.7313
48.2023
46.3525
44.1906
41.7402
39.0381
36.1301
33.0665
29.897
26.6653
23.4053
20.1388
16.8745
13.609
10.3293
7.01668
3.65108
0.215815
-3.29814
-6.88881
-10.5412
-14.2272
-17.9068
-21.5316
-25.0493
-28.4086
-31.5647
-34.4832
-37.1435
-39.5397
-41.6797
-43.5831
-45.2767
-46.7904
-48.1517
-49.3817
-50.4913
-51.4791
-52.3307
-53.0201
-53.5127
-53.7685
-53.7479
-53.4167
-52.7501
-51.7373
-50.3827
-48.706
-46.7404
