100
100.021
100.085
100.186
100.316
100.462
100.613
100.756
100.877
100.965
101.014
101.017
100.976
100.893
100.776
100.636
100.486
100.337
100.205
100.099
100.029
100
100.016
100.075
100.172
100.299
100.444
100.595
100.739
100.863
100.957
101.01
101.019
100.983
100.905
100.792
100.654
100.504
100.355
100.22
100.11
100.035
100.002
100.012
100.066
100.159
100.282
100.425
100.577
100.722
100.85
100.947
101.006
101.02
100.99
100.916
100.807
100.672
100.523
100.373
100.235
100.122
100.042
100.003
100.008
100.057
100.145
100.265
100.407
100.558
100.705
100.836
100.937
101.001
101.021
100.996
100.927
100.822
100.689
100.541
100.391
100.251
100.134
100.05
100.006
100.005
100.049
100.133
100.249
100.389
100.54
100.688
100.821
100.927
100.995
101.021
101.001
100.938
100.837
100.707
100.56
100.409
100.267
100.146
100.058
100.009
100.003
100.041
100.121
100.234
100.371
100.521
100.671
100.806
100.916
100.989
101.02
101.006
100.948
100.851
100.724
100.578
100.427
100.283
100.16
100.067
100.012
100.001
100.034
100.109
100.218
100.353
100.503
100.653
100.791
100.904
100.982
101.019
101.01
100.957
100.865
100.741
100.597
100.445
100.3
100.173
100.076
100.017
100
100.028
100.098
100.203
100.336
100.484
100.635
100.775
100.892
100.975
101.017
101.014
100.966
100.878
100.757
100.615
100.464
100.317
100.187
100.086
100.022
100
100.022
100.087
100.189
100.319
100.466
100.617
100.759
100.879
100.967
101.014
101.017
100.974
100.89
100.773
100.633
100.482
100.334
100.202
100.097
100.027
100
100.017
100.077
100.175
100.302
100.447
100.598
100.742
100.866
100.958
101.011
101.019
100.982
100.903
100.789
100.651
100.501
100.352
100.217
100.108
100.034
100.001
100.013
100.068
100.161
100.285
100.429
100.58
100.726
100.852
100.949
101.007
101.02
100.989
100.914
100.804
100.669
100.519
100.369
100.232
100.119
100.041
100.003
100.009
100.059
100.148
100.268
100.411
100.562
100.709
100.838
100.939
101.002
101.021
100.995
100.925
100.819
100.686
100.538
100.387
100.248
100.131
100.048
100.005
100.006
100.05
100.135
100.252
100.392
100.543
100.691
100.824
100.929
100.996
101.021
101
100.936
100.834
100.704
100.556
100.405
100.264
100.144
100.056
100.008
100.003
100.043
100.123
100.237
100.374
100.525
100.674
100.809
100.918
100.99
101.021
101.005
100.946
100.848
100.721
100.575
100.424
100.28
100.157
100.065
100.012
100.002
100.036
100.111
100.221
100.357
100.506
100.656
100.793
100.906
100.984
101.019
101.01
100.956
100.862
100.738
100.593
100.442
100.297
100.171
100.074
100.016
100.001
100.029
100.1
100.206
100.339
100.487
100.638
100.778
100.894
100.976
101.017
101.013
100.964
100.875
100.754
100.611
100.46
100.314
100.185
100.084
100.021
100
100.023
100.089
100.191
100.322
100.469
100.62
100.762
100.881
100.968
101.015
101.016
100.973
100.888
100.77
100.63
100.479
100.331
100.199
100.095
100.026
100
100.018
100.079
100.177
100.305
100.451
100.602
100.745
100.868
100.96
101.011
101.018
100.98
100.9
100.786
100.648
100.497
100.348
100.214
100.106
100.033
100.001
100.014
100.069
100.163
100.288
100.432
100.583
100.729
100.855
100.951
101.007
101.02
100.987
100.912
100.802
100.665
100.516
100.366
100.229
100.117
100.039
100.003
100.01
100.06
100.15
100.271
100.414
100.565
100.712
100.841
100.941
101.003
101.021
100.994
100.923
100.817
100.683
100.534
100.384
100.245
100.129
100.047
100.005
100.006
100.052
100.137
100.255
100.396
100.547
100.694
100.826
100.931
100.998
101.021
100.999
100.934
100.831
100.7
100.553
100.402
100.261
100.142
100.055
100.008
100.004
100.044
100.125
100.239
100.378
100.528
100.677
100.812
100.92
100.992
101.021
101.004
100.944
100.846
100.718
100.571
100.42
100.277
100.155
100.063
100.011
100.002
100.037
100.113
100.224
100.36
100.509
100.659
100.796
100.908
100.985
101.02
101.009
100.954
100.86
100.734
100.59
100.438
100.294
100.168
100.073
100.015
100.001
100.03
100.102
100.209
100.342
100.491
100.641
100.781
100.896
100.978
101.018
101.013
100.963
100.873
