-1.15806e-05
-0.078315
-0.272291
-0.597568
-1.07787
-1.7418
-2.61881
-3.73496
-5.10887
-6.74855
-8.64946
-10.7942
-13.1537
-15.6903
-18.3615
-21.1243
-23.9396
-26.7761
-29.6123
-32.4378
-35.2529
-38.0667
-40.8939
-43.7516
-46.6549
-49.6132
-52.6274
-55.6875
-58.7723
-61.8505
-64.8824
-67.8244
-70.6323
-73.2667
-75.6962
-77.9007
-79.8723
-81.6158
-83.1459
-84.4852
-85.6595
-86.6937
-87.6084
-88.4161
-89.119
-89.7086
-90.1661
-90.4644
-90.5711
-90.453
-90.0801
-89.4298
-88.4903
-87.2623
-85.7602
-84.0098
-82.0463
-79.9103
-77.6429
-75.2821
-72.8584
-70.3927
-67.8949
-65.3643
-62.7914
-60.1603
-57.4531
-54.6531
-51.7492
-48.7389
-45.6306
-42.4439
-39.2095
-35.9666
-32.7592
-29.6322
-26.6267
-23.7763
-21.1039
-18.6206
-16.3252
-14.2065
-12.2459
-10.4212
-8.71066
-7.09694
-5.57049
-4.13172
-2.79195
-1.57292
-0.504833
0.376774
1.03509
1.43642
1.55444
1.37352
0.890917
0.117224
-0.924831
-2.2031
-3.67986
-5.31619
-7.07635
-8.93147
-10.8622
-12.8601
-14.9274
-17.0752
-19.3213
-21.686
-24.1883
-26.8419
-29.6521
-32.6131
-35.707
-38.9051
-42.1691
-45.4554
-48.7188
-51.917
-55.0149
-57.9871
-60.82
-63.5115
-66.0696
-68.5099
-70.8516
-73.1136
-75.3109
-77.4507
-79.5306
-81.5371
-83.4464
-85.2257
-86.8368
-88.24
-89.3983
-90.2819
-90.8718
-91.1614
-91.1578
-90.8801
-90.357
-89.6228
-88.7135
-87.662
-86.4946
-85.2283
-83.8693
-82.4129
-80.8454
-79.1464
-77.2925
-75.2613
-73.0358
-70.6073
-67.9786
-65.1646
-62.1921
-59.0975
-55.9236
-52.7154
-49.5156
-46.3605
-43.277
-40.2808
-37.3763
-34.5579
-31.8124
-29.1227
-26.4716
-23.8457
-21.239
-18.6551
-16.1087
-13.6249
-11.2381
-8.98849
-6.91812
-5.06663
-3.46678
-2.14104
-1.09936
-0.338498
0.156854
0.411542
0.456265
0.323318
0.0423181
-0.363542
-0.880271
-1.50459
-2.24399
-3.11541
-4.1426
-5.35255
-6.77137
-8.42006
-10.3109
-12.4448
-14.8099
-17.3822
-20.1273
-23.0039
-25.9678
-28.9766
-31.9936
-34.9911
-37.9521
-40.871
-43.7518
-46.6066
-49.4515
-52.303
-55.174
-58.0705
-60.9888
-63.914
-66.8205
-69.6734
-72.4314
-75.0506
-77.4894
-79.7125
-81.6943
-83.4215
-84.8936
-86.1221
-87.1276
-87.9371
-88.5789
-89.0791
-89.4575
-89.7249
-89.8815
-89.9164
-89.8095
-89.5335
-89.0575
-88.3515
-87.3905
-86.1582
-84.6502
-82.8746
-80.8526
-78.616
-76.2041
-73.6596
-71.0239
-68.3333
-65.6153
-62.8872
-60.1549
-57.4144
-54.6541
-51.8574
-49.0074
-46.0904
-43.0994
-40.0371
-36.9174
-33.7654
-30.6158
-27.5102
-24.4935
-21.6088
-18.8936
-16.3761
-14.0728
-11.9877
-10.1134
-8.43286
-6.9233
-5.55995
-4.3203
-3.18784
-2.15489
-1.22433
-0.409921
0.264843
0.769233
1.06884
1.12982
0.92322
0.428932
-0.36143
-1.44306
-2.79819
-4.39792
-6.20549
-8.18044
-10.283
-12.4785
-14.7402
-17.0518
-19.4082
-21.8142
-24.2826
-26.8311
-29.4785
-32.2405
-35.1259
-38.1342
-41.2533
-44.4597
-47.7194
-50.9913
-54.2303
-57.3923
-60.438
-63.3371
-66.0701
-68.6299
-71.0205
-73.2551
-75.3532
-77.3361
-79.2232
-81.0283
-82.7564
-84.4021
-85.9489
-87.3708
-88.634
-89.7008
-90.5341
-91.1012
-91.3784
-91.3537
-91.0281
-90.416
-89.5429
-88.4425
-87.1524
-85.7099
-84.1474
-82.4898
-80.7513
-78.9355
-77.0356
-75.0368
-72.9188
-70.6604
-68.243
-65.6546
-62.8932
-59.968
-56.9005
-53.7229
-50.4754
-47.2027
-43.9496
-40.7561
-37.6546
-34.6666
-31.8021
-29.0599
-26.4296
-23.8947
-21.4365
-19.0378
-16.687
-14.3809
-12.1266
-9.94242
-7.85649
-5.90481
-4.12756
-2.56488
-1.25245
-0.217427
0.524595
0.971146
1.13281
1.03148
0.697249
0.164367
-0.533127
-1.36556
-2.31103
-3.35767
-4.50451
-5.76098
-7.1449
-8.67949
-10.3895
-12.2969
-14.4174
-16.7565
-19.3081
-22.0534
-24.9625
-27.9966
-31.1118
-34.2637
-37.4116
-40.5222
-43.5725
-46.5504
-49.4552
-52.2952
-55.085
-57.8418
-60.5814
-63.3144
-66.0432
-68.7599
-71.4453
-74.0701
-76.5969
-78.9837
-81.1882
-83.172
-84.905
-86.3682
-87.5556
-88.474
-89.1413
-89.5837
-89.8318
-89.9158
-89.8622
-89.6897
-89.4071
-89.0122
-88.4926
-87.8271
-86.9889
-85.9496
-84.6831
-83.1699
-81.4007
-79.3781
-77.1177
-74.647
-72.0025
-69.2269
-66.3636
-63.4531
-60.529
-57.6151
-54.724
-51.8578
-49.009
-46.1639
-43.3056
-40.4185
-37.4918
-34.5229
-31.5194
-28.5003
-25.495
-22.5416
-19.683
-16.9632
-14.4227
-12.0942
-9.99968
-8.14877
-6.53845
-5.15471
-3.97534
-2.97382
-2.12345
-1.40146
-0.79243
-0.290724
0.0984292
0.359255
0.46718
0.391802
0.100772
-0.435896
-1.24163
-2.32979
-3.70133
-5.34403
-7.23343
-9.33526
-11.6092
-14.0131
-16.5076
-19.0599
-21.6464
-24.2546
-26.8825
-29.5378
-32.2348
-34.9909
-37.8229
-40.7428
-43.7547
-46.8523
-50.0178
-53.2225
-56.4287
-59.5929
-62.6704
-65.6191
-68.404
