51.315
51.1808
50.8589
50.346
49.6371
48.7271
47.612
46.2904
44.7654
43.0455
41.146
39.0904
36.9106
34.6477
32.353
30.0887
27.9289
25.9609
24.2836
23.0021
22.2138
21.9876
22.3439
23.248
24.6213
26.3631
28.37
30.547
32.8115
35.0937
37.335
39.4871
41.5112
43.3767
45.0614
46.5505
47.8359
48.9146
49.7882
50.4606
50.9369
51.222
51.3195
51.2308
50.9551
50.4893
49.8287
48.9683
47.9035
46.6324
45.1565
43.4831
41.6257
39.6056
37.4527
35.2058
32.9136
30.6354
28.4425
26.4189
24.661
23.2732
22.3565
21.9889
22.204
22.9802
24.2477
25.9091
27.8604
30.004
32.254
34.5377
36.7938
38.9717
41.0301
42.9367
44.6673
46.2052
47.5408
48.67
49.5935
50.3146
50.8383
51.1698
51.3129
51.2697
51.0399
50.6209
50.0084
49.1973
48.1828
46.9621
45.5358
43.9097
42.0955
40.1128
37.9892
35.7611
33.4749
31.1873
28.9663
26.8928
25.0605
23.5725
22.5322
22.0253
22.0979
22.7418
23.8976
25.4724
27.3623
29.4673
31.6985
33.98
36.2479
38.449
40.54
42.4863
44.2617
45.8478
47.2334
48.4132
49.3867
50.1568
50.7283
51.1063
51.2951
51.2974
51.1133
50.7409
50.1762
49.4141
48.4497
47.2795
45.9031
44.325
42.5553
40.6116
38.5193
36.3129
34.0361
31.743
29.4987
27.381
25.4805
23.8986
22.74
22.0966
22.0262
22.5342
23.5725
25.0544
26.8769
28.938
31.1459
33.4214
35.698
37.9198
40.0412
42.0255
43.8447
45.4784
46.9137
48.1439
49.1677
49.9871
50.6067
51.0315
51.2663
51.314
51.1756
50.8495
50.3322
49.6189
48.7043
47.5845
46.2584
44.7289
43.0047
41.1014
39.0427
36.8605
34.5963
32.3016
30.0387
27.8822
25.9196
24.2501
22.9787
22.2024
21.9892
22.3584
23.2741
24.6568
26.4057
28.4174
30.5972
32.8629
35.1447
37.3845
39.5342
41.5549
43.4166
45.0971
46.5817
47.8624
48.9365
49.8055
50.4734
50.9454
51.2262
51.3195
51.2267
50.9467
50.4766
49.8116
48.9466
47.8772
46.6014
45.1211
43.4433
41.5819
39.5586
37.4031
35.1546
32.862
30.5849
28.3949
26.3761
24.6253
23.2471
22.342
21.9873
22.2155
23.0036
24.2811
25.9502
27.9069
30.0537
32.3052
34.5889
36.8438
39.0194
41.0748
42.9776
44.704
46.2375
47.5685
48.6931
49.6119
50.3285
50.8479
51.175
51.3139
51.2666
51.0325
50.6093
49.9924
49.1767
48.1576
46.9323
45.5014
43.8709
42.0527
40.0665
37.9401
35.7102
33.4233
31.1363
28.9177
26.8486
25.0229
23.5438
22.5147
22.0205
22.1062
22.7625
23.9287
25.5118
27.4076
29.5163
31.7495
34.0313
36.2983
38.4974
40.5854
42.5281
44.2994
45.8812
47.2622
48.4373
49.4062
50.1718
50.7389
51.1126
51.2972
51.2953
51.1071
50.7304
50.1613
49.3947
48.4256
47.2508
45.8699
44.2873
42.5135
40.5661
38.4709
36.2623
33.9846
31.6917
29.4494
27.3356
25.4411
23.8676
22.7196
22.0886
22.0313
22.552
23.6013
25.092
26.921
28.9863
31.1965
33.4728
35.7487
37.9687
40.0874
42.0683
43.8835
45.5128
46.9436
48.1692
49.1883
50.0032
50.6183
51.0389
51.2694
51.313
51.1703
50.84
50.3184
49.6005
48.6814
47.557
46.2262
44.6922
42.9638
41.0568
38.9948
36.8103
34.5449
32.2501
29.9887
27.8356
25.8785
24.2167
22.9555
22.1912
21.9911
22.3733
23.3004
24.6925
26.4484
28.4649
30.6475
32.9142
35.1957
37.434
39.5811
41.5986
43.4564
45.1326
46.6127
47.8888
48.9583
49.8227
50.4862
50.9538
51.2304
51.3195
51.2224
50.9382
50.4638
49.7944
48.9248
47.8508
46.5704
45.0855
43.4034
41.5382
39.5114
37.3534
35.1033
32.8104
30.5345
28.3473
26.3334
24.5899
23.2212
22.3277
21.986
22.2273
23.0273
24.3147
25.9914
27.9534
30.1034
32.3565
34.6401
36.8937
39.067
41.1193
43.0185
44.7407
46.2697
47.596
48.716
49.6302
50.3423
50.8573
51.1802
51.3149
51.2633
51.0251
50.5975
49.9762
49.1561
48.1323
46.9024
45.467
43.832
42.0099
40.0202
37.8909
35.6592
33.3717
31.0854
28.8692
26.8045
24.9854
23.5154
22.4975
22.016
22.1149
22.7834
23.9601
25.5513
27.453
29.5655
31.8005
34.0827
36.3486
38.5457
40.6308
42.5699
44.3371
45.9144
47.2909
48.4613
49.4256
50.1867
50.7494
51.1188
51.2992
51.2931
51.1007
50.7197
50.1462
49.3751
48.4015
47.222
45.8365
44.2495
42.4715
40.5205
38.4223
36.2117
33.933
31.6405
29.4002
27.2902
25.4018
23.8367
22.6994
22.0809
22.0368
22.5701
23.6304
25.1298
26.9651
29.0347
31.2472
33.5242
35.7994
38.0176
40.1336
42.111
43.9222
45.5472
