0.339484314
0.184568629
0.103125411
-0.040727243
-0.106442683
0.452903448
0.431291717
0.356088218
0.308635062
0.110150321
-0.03575064
0.426062964
0.442089372
0.415323957
0.422921791
-0.235990644
-0.30140032
-0.104796379
-0.237976026
-0.252162175
-0.374854368
-0.333427473
-0.312699996
-0.338902781
-0.401424399
-0.375259441
0.287440982
0.157987582
0.114071807
0.065419083
-0.086071603
-0.127217923
-0.13631978
-0.186060075
-0.22034718
-0.171403158
-0.166464119
-0.266643087
-0.355240806
-0.395531947
-0.356271589
-0.260668435
-0.359847149
-0.343236209
-0.425451912
-0.426827773
-0.411319449
-0.030609364
-0.001429948
-0.052668908
0.073609972
0.086920951
0.375451707
0.281307931
0.189999581
-0.063541397
0.051383394
0.186533057
0.136078948
0.26997198
0.291827409
0.385656213
0.308100339
0.348978606
-0.125067377
0.021806787
-0.07294937
-0.042468492
0.101115565
0.19544054
-0.231257652
-0.196539241
-0.153152659
-0.278480044
0.130820452
0.219899438
0.24585059
-0.035748131
0.026304031
0.15830854
0.036703341
-0.298058794
-0.177891834
-0.199850682
-0.031915547
-0.172036972
-0.248608457
-0.345603097
-0.376241146
0.327843851
0.252140824
0.058831307
0.013605622
0.234431939
0.324905645
0.364417545
0.170742852
0.189164302
0.283758283
