-0.163484
-0.136341
-0.0992034
-0.0535852
-0.00136616
0.055256
0.113828
0.17172
0.22622
0.274648
0.314477
0.343462
0.35976
0.362031
0.349517
0.322081
0.280217
0.225019
0.158125
0.0816321
-0.00200237
-0.0900732
-0.179746
-0.268178
-0.352638
-0.430624
-0.499971
-0.558953
-0.606356
-0.641539
-0.664455
-0.675641
-0.676172
-0.667581
-0.651747
-0.630776
-0.606861
-0.582161
-0.558686
-0.538203
-0.522167
-0.511673
-0.507427
-0.509737
-0.518507
-0.533255
-0.553127
-0.576928
-0.603167
-0.630111
-0.655857
-0.678423
-0.695849
-0.706305
-0.708204
-0.7003
-0.681776
-0.652304
-0.612076
-0.561811
-0.502722
-0.436474
-0.365104
-0.29094
-0.216493
-0.144349
-0.0770538
-0.0169887
0.0337467
0.0734474
0.100902
0.115471
0.117133
0.106494
0.0847628
0.053679
0.0154133
-0.0275591
-0.0725977
-0.117035
-0.158304
-0.194047
-0.222206
-0.241079
-0.249373
-0.246228
-0.231238
-0.204463
-0.166433
-0.118149
-0.0610692
0.00291503
0.0715268
0.142174
0.212045
0.278227
0.337839
0.388179
0.426858
0.451923
0.461961
0.456161
0.434353
0.397007
0.345209
0.280602
0.205319
0.121886
0.0331197
-0.0579895
-0.148407
-0.235186
-0.315601
-0.38728
-0.448315
-0.497356
-0.533672
-0.557166
-0.568361
-0.568333
-0.558628
-0.541141
-0.517996
-0.49142
-0.463629
-0.436726
-0.412625
-0.39298
-0.379136
-0.372095
-0.372481
-0.380523
-0.396044
-0.418454
-0.446769
-0.47964
-0.515407
-0.552169
-0.587882
-0.620468
-0.647927
-0.668459
-0.680562
-0.683125
-0.675489
-0.657491
-0.629471
-0.592262
-0.547156
-0.495845
-0.440349
-0.382919
-0.325931
-0.271769
-0.222698
-0.180736
-0.14754
-0.124303
-0.11168
-0.109753
-0.118027
-0.135466
-0.160565
-0.191444
-0.225958
-0.261807
-0.29665
-0.328199
-0.354304
-0.373028
-0.382704
-0.381992
-0.369927
-0.345965
-0.31002
-0.262503
-0.204336
-0.136956
-0.0622864
0.0173172
0.0991546
0.180295
0.257713
0.328433
0.389679
0.439008
0.474422
0.494464
0.498277
0.485638
0.456962
0.413289
0.356239
0.287951
0.210992
0.128261
0.0428526
-0.0420764
-0.123463
-0.198487
-0.264714
-0.320214
-0.363649
-0.394319
-0.412166
-0.41774
-0.412126
-0.396854
-0.373792
-0.345035
-0.312806
-0.279357
-0.246889
-0.217477
-0.193005
-0.175106
-0.165106
-0.16397
-0.172254
-0.190069
-0.217059
-0.252399
-0.294821
-0.342668
-0.393973
-0.446561
-0.498167
-0.546556
-0.589647
-0.625618
-0.653
-0.67075
-0.678295
-0.675563
-0.662981
-0.641457
-0.612337
-0.577335
-0.53845
-0.497858
-0.457789
-0.4204
-0.387649
-0.361177
-0.342209
-0.331497
-0.329279
-0.335284
-0.348766
-0.368559
-0.393148
-0.420759
-0.449434
-0.477117
-0.501731
-0.521249
-0.533769
-0.537584
-0.531253
-0.513679
-0.484174
-0.442528
-0.389057
-0.324627
-0.250655
-0.169073
-0.0822542
0.00708079
0.0959932
0.181463
0.260531
0.330436
0.388743
0.433442
0.463042
0.476631
0.473917
0.45525
0.421612
0.374592
0.31632
0.249387
0.176718
0.101443
0.0267329
-0.0443643
-0.109076
-0.165047
-0.210442
-0.244015
-0.265138
-0.273787
-0.270502
-0.25632
-0.232696
-0.201424
-0.164547
-0.124285
-0.0829546
-0.0428973
-0.00640571
0.024355
0.0474284
0.0611506
0.0642329
0.0558352
0.0356244
0.00380815
-0.0388609
-0.0911139
-0.151227
-0.217111
-0.286418
-0.356671
-0.425377
-0.490161
-0.548868
-0.599661
-0.641104
-0.672221
-0.692537
-0.702094
-0.701451
-0.691645
-0.674138
-0.650729
-0.623448
-0.594435
-0.565807
-0.53953
-0.51731
-0.500501
-0.490038
-0.486409
-0.489646
-0.499346
-0.514708
-0.534582
-0.557522
-0.581852
-0.605724
-0.627193
-0.644282
-0.655069
-0.657773
-0.650844
-0.633057
-0.603604
-0.562164
-0.508955
-0.444762
-0.37092
-0.289272
-0.202096
-0.111997
-0.0217917
0.0656183
0.147379
0.220808
0.283509
0.333481
0.369203
0.389716
0.394668
0.384356
0.359719
0.322316
0.274256
0.218101
0.156736
0.0932136
0.0305953
-0.0282132
-0.0806041
-0.124385
-0.15786
-0.17988
-0.189854
-0.187737
-0.173995
-0.149565
-0.115795
-0.0743962
-0.0273857
0.0229768
0.0742536
0.123906
0.169385
0.208228
0.238172
0.257265
0.26397
0.257258
0.23667
0.202355
0.155059
0.0960954
0.0272714
-0.0492047
-0.130833
-0.214942
-0.29881
-0.379786
-0.455402
-0.52348
-0.582222
-0.630294
-0.666876
-0.691706
-0.70508
-0.707832
-0.701273
-0.687107
-0.667316
-0.644034
-0.619415
-0.595508
-0.574145
-0.556855
-0.544801
-0.538746
-0.539033
-0.545595
-0.557965
-0.575312
-0.596468
-0.619977
-0.644151
-0.667128
-0.686955
-0.701676
-0.709431
-0.708564
-0.697726
-0.675971
-0.642828
-0.598351
-0.543143
-0.478336
-0.40555
-0.326825
-0.244529
-0.161254
-0.0797061
-0.00258225
0.0675442
0.128342
0.177834
0.214496
0.237347
0.24601
0.240749
0.222471
0.192686
0.15343
0.107154
0.0565889
0.00458975
-0.0460117
-0.0925484
-0.132636
-0.164263
-0.185855
-0.196306
-0.195
-0.181807
-0.157075
-0.121613
-0.0766701
-0.0239049
0.0346509
0.0966473
0.159488
0.220422
0.276655
0.325478
0.364397
0.391268
0.404406
0.402683
0.385584
0.353232
0.306377
0.246356
0.175023
0.0946624
0.00788392
-0.0824876
-0.173534
-0.262365
-0.346245
-0.42271
-0.489684
-0.545572
-0.589337
-0.620546
-0.639377
-0.64659
-0.643463
-0.631694
