0.573546708
0.729277933
0.661255182
0.845907645
0.839371445
0.64440374
0.342446737
0.24719946
0.373720235
0.61332305
0.454371927
0.456087921
-0.085182686
0.176496674
-0.009698255
-0.189337704
0.819666442
0.624235997
0.932131495
0.538069989
0.285722549
-0.3415791
-0.58995469
-0.158314856
0.099257688
0.185790032
0.446139015
0.180699894
0.204820206
-0.279784055
-0.032796684
-0.013207365
0.231986889
-0.467077991
-0.220938976
-0.654988913
0.656878434
0.836267232
0.76564157
0.534946496
0.096616215
0.359047527
0.430309457
-0.334695845
-0.083813747
-0.255413092
0.005687843
-0.426125518
0.960493589
1
0.60163887
0.72289598
0.899334812
0.553128314
0.698293647
0.589704039
0.350776053
0.200578425
0.329027282
-0.228439217
-0.093492721
0.179292394
0.305736046
-0.474250458
-0.224023908
-0.183939073
-0.073093608
-0.838002507
-0.610103152
-0.493377037
-0.614537742
-0.010238118
0.24696809
-0.445387063
-0.516938205
0.957119445
0.876467753
0.894765256
-1.052000386
-0.946553553
-0.826742505
-1.000867637
-0.730357659
-1.022018702
-0.898949195
-0.902091969
-0.871300492
-0.938918346
-0.76402198
-0.668890389
-0.054699701
-0.287554227
-0.716976767
-0.499084161
-0.802872843
-0.586773354
-0.435264629
-0.878376555
-0.710459848
-0.493531283
