0.712487136
0.652489821
0.841663949
0.842657777
0.65086651
0.319181028
0.224935662
0.355571316
0.597989863
0.449222749
0.458587443
-0.1076286
0.153569966
-0.031477771
-0.211761932
0.833159053
0.640888386
0.938902848
0.551280203
0.299329919
-0.322402579
-0.573290119
-0.142144206
0.117155046
0.207082761
0.466417786
0.165883733
0.196821512
-0.286146265
-0.036270161
-0.008714669
0.238972464
-0.460574767
-0.211491186
-0.644339878
0.666762758
0.846138895
0.780666467
0.554298009
0.117477757
0.378211668
0.444561045
-0.316296373
-0.065940521
-0.233466617
0.028064745
-0.405153971
0.963415887
1.001447286
0.605224787
0.720030308
0.896013676
0.534210807
0.684509223
0.580555861
0.354587503
0.198160798
0.319703038
-0.23588431
-0.107769658
0.164244418
0.285944235
-0.491048148
-0.24262054
-0.177636997
-0.074336763
-0.835329421
-0.608714746
-0.499353363
-0.625623705
0.001867532
0.257607201
-0.437971897
-0.503053102
0.951576934
0.866146129
0.8831087
-1.051570614
-0.949231087
-0.83617368
-1.004164714
-0.715739363
-1.01409835
-0.889709134
-0.901657329
-0.863480142
-0.927177849
-0.746958192
-0.650090375
-0.071956336
-0.301162992
-0.721043925
-0.500482118
-0.81626072
-0.604606193
-0.454960277
-0.888530245
-0.721348525
-0.50907972
