0.684676
0.685176
0.686403
0.687822
0.688753
0.688399
0.685896
0.680355
0.670924
0.656841
0.637498
0.612493
0.581673
0.545172
0.50342
0.457145
0.407354
0.355293
0.302406
0.250269
0.200533
0.15485
0.114801
0.0818248
0.057146
0.0417065
0.0361055
0.040551
0.0548277
0.0782877
0.109865
0.148118
0.191295
0.237426
0.28442
0.330168
0.372649
0.410012
0.440648
0.463238
0.476784
0.480626
0.474444
0.458257
0.432413
0.397585
0.354759
0.30522
0.250528
0.19249
0.133105
0.0745058
0.0188774
-0.0316356
-0.0750257
-0.109518
-0.133659
-0.146378
-0.147045
-0.135481
-0.111965
-0.077208
-0.0323093
0.0212935
0.0818911
0.147573
0.216305
0.286006
0.354633
0.420264
0.481171
0.535899
0.583322
0.622687
0.653633
0.67619
0.690751
0.69802
0.698949
0.694659
0.686364
0.675292
0.66262
0.64942
0.636616
0.62495
0.614967
0.607004
0.60118
0.597411
0.59541
0.594715
0.594708
0.594657
0.593758
0.591187
0.586156
0.57797
0.566084
0.550144
0.530026
0.505856
0.478019
0.447147
0.414105
0.379951
0.345895
0.313243
0.283334
0.257475
0.236864
0.222518
0.215209
0.215396
0.223192
0.238332
0.260175
0.287732
0.319714
0.354594
0.390693
0.426256
0.459539
0.488876
0.512741
0.529796
0.538928
0.539274
0.530249
0.511562
0.483235
0.445621
0.399414
0.345655
0.285725
0.221316
0.154389
0.0871107
0.0217615
-0.0393569
-0.0940289
-0.140229
-0.176215
-0.200608
-0.212445
-0.211221
-0.196897
-0.169899
-0.131094
-0.0817529
-0.0235016
0.0417397
0.11183
0.184489
0.257394
0.328273
0.395009
0.455734
0.508912
0.553405
0.588507
0.613959
0.629927
0.636961
0.635929
0.627946
0.614296
0.596354
0.575522
0.553167
0.530576
0.508914
0.489194
0.472251
0.458721
0.44902
0.443337
0.441628
0.443617
0.448817
0.456556
0.466016
0.476289
0.486434
0.495536
0.502773
0.507463
0.509113
0.507451
0.502445
0.494305
0.483478
0.470623
0.456577
0.442306
0.428848
0.417247
0.408488
0.40342
0.402699
0.406734
0.415649
0.429267
0.447116
0.468446
0.492278
0.517445
0.542652
0.566535
0.58771
0.604828
0.616618
0.621925
0.619756
0.60931
0.590028
0.561624
0.524125
0.477905
0.423703
0.362631
0.296152
0.226049
0.154359
0.0832915
0.0151338
-0.0478519
-0.103532
-0.149993
-0.185629
-0.209199
-0.219883
-0.217311
-0.201573
-0.173227
-0.133279
-0.0831503
-0.0246325
0.0401794
0.108971
0.179305
0.248735
0.314916
0.375718
0.429324
0.474307
0.509676
0.534903
0.549905
0.555013
0.550922
0.538621
0.519333
0.494447
0.465457
0.433911
0.40136
0.36932
0.339224
0.312382
0.289941
0.272843
0.261782
0.257178
0.259151
0.267518
0.281803
0.301267
0.324953
0.351745
0.380437
0.409804
0.438669
0.465966
0.490796
0.512462
0.530503
0.544709
0.55512
0.562016
0.565888
0.567405
0.567358
0.566604
0.566002
0.566347
0.568314
0.572405
0.578915
0.587907
0.599211
0.612434
0.626974
0.642054
0.656755
0.670052
0.680856
0.688047
0.690527
0.687259
0.677316
0.65994
0.63459
0.600997
0.559208
0.509622
0.453004
0.390481
0.323514
0.253848
0.183446
0.114398
0.0488377
-0.0111524
-0.0636306
-0.106875
-0.139457
-0.160299
-0.168721
-0.164484
-0.147801
-0.119354
-0.080272
-0.0321049
0.023237
0.0835605
0.146489
0.209576
0.270426
0.326808
0.376761
0.418676
0.451347
0.474002
0.486299
0.488306
0.480464
0.463545
0.438598
0.406907
0.369942
0.32932
0.28676
0.244035
0.202925
0.165159
0.132348
0.105925
0.0870757
0.0766809
0.0752722
0.0830049
0.0996534
0.124629
0.157019
0.195641
0.239113
0.285925
0.334519
0.383354
0.430983
0.476105
0.517618
0.55466
0.586635
0.613233
0.634424
0.650449
0.661788
0.669116
0.673245
0.675062
0.675463
0.675287
0.675261
0.675956
0.677752
0.680826
0.68514
0.690449
0.696316
0.70213
0.707136
0.710468
0.711187
0.708327
0.700948
0.688189
0.669334
0.643864
0.611515
0.57232
0.526635
0.475149
0.418874
0.359111
0.297402
0.235471
0.175148
0.118297
0.0667377
0.0221672
-0.0139121
-0.0402612
-0.0559672
-0.0604972
-0.0537393
-0.0360287
-0.00815296
0.0286672
0.0728223
0.122384
0.1752
0.228997
0.281499
0.330536
0.374145
0.410644
0.438689
0.457309
0.465912
0.464282
0.452564
0.431239
0.401104
0.363242
0.318999
0.269956
0.217889
0.164724
0.112484
0.0632146
0.018902
-0.0186103
-0.0477111
-0.0670995
-0.0758497
-0.0734541
-0.0598421
-0.0353748
-0.000817125
0.0427088
0.0937842
0.150763
0.211845
0.275154
0.338813
0.401018
0.460108
0.514631
0.563398
0.605532
0.640494
0.668094
0.688483
0.702124
0.709739
0.71225
0.710701
0.706188
0.699782
0.692474
0.685117
0.678391
0.67278
0.668555
0.665776
0.664294
0.663766
0.663675
0.663358
0.662046
0.6589
0.65307
0.643747
0.630222
0.611943
0.588566
0.559995
0.526403
0.488251
0.446271
0.401451
0.354999
0.30829
0.262816
0.220119
0.181727
0.149076
0.123442
0.10587
0.0971041
0.0975345
0.107156
0.125549
0.15188
0.184938
0.223186
0.264839
0.307957
