-0.379265489
-0.301730367
-0.150167005
-0.058934793
0.084772728
0.140360528
-0.435578115
-0.418928423
-0.336991046
-0.276915717
-0.086488861
0.059702257
-0.431111905
-0.433446273
-0.416402189
-0.433424954
0.279271403
0.334528768
0.153791138
0.266501665
0.267482313
0.357467396
0.302966836
0.304832198
0.344569747
0.411712136
0.399155582
-0.27836537
-0.147470224
-0.128891214
-0.067227662
0.085497554
0.139550428
0.112028338
0.174736493
0.186323058
0.206063922
0.210519474
0.307134588
0.383763677
0.401138195
0.375577401
0.283577726
0.342800318
0.339314755
0.412650146
0.427711616
0.38955163
0.080988707
0.053839689
0.084271745
-0.035825618
-0.039908097
-0.34697873
-0.245097964
-0.159355247
0.082011991
-0.04094204
-0.169545456
-0.148237687
-0.275242221
-0.282831581
-0.37016252
-0.333377573
-0.361198121
0.115599174
-0.025667387
0.029131632
0.010552622
-0.127111125
-0.227915311
0.231038461
0.20975201
0.130021091
0.251770631
-0.080839478
-0.174267487
-0.199295322
-0.019335814
-0.075946899
-0.201853533
-0.089206961
0.26019141
0.124574232
0.153013015
-0.01531729
0.126610142
0.199743009
0.306036689
0.341702419
-0.331160456
-0.267556927
-0.096487204
-0.039780186
-0.276830443
-0.356103017
-0.387728904
-0.217010935
-0.226657524
-0.310012576
