0.045853023
0.185809866
0.145321949
0.159160125
0.210061832
0.00436662
0.090032527
0.153795019
0.136441046
0.241218825
0.248974672
-0.061020171
-0.070400317
0.103490997
0.032500026
0.056168371
0.109024862
0.081770404
0.185500475
0.209745411
0.113398513
0.117483869
0.177934481
0.162014952
0.076243571
0.053102596
0.208521913
0.250746634
0.241261014
0.263544135
0.261005729
0.253882725
0.222592133
0.231761331
0.171781836
-0.177118816
-0.104679337
-0.035411106
-0.037464332
-0.093182681
-0.109074083
-0.179847074
-0.134880032
-0.158105386
0.024118367
0.002545437
-0.049340694
-0.078718692
0.016925046
-0.22491959
-0.203367755
-0.130506381
-0.110599939
-0.145828223
-0.21256508
-0.255106222
-0.266342709
-0.242575922
-0.238117892
-0.20400763
-0.207453111
-0.142171795
-0.112786764
-0.133628408
-0.248243387
-0.263199587
-0.155545886
-0.210652486
-0.213816704
-0.155665423
-0.223555461
-0.230453454
-0.222634322
-0.17157792
0.057202015
-0.091938089
0.004872894
-0.020567412
-0.101887794
-0.101008845
0.062581185
-0.116401003
-0.025215295
-0.109045956
0.137587195
0.131898636
0.052399437
0.044270914
-0.040037895
0.180508044
0.196687741
0.182322195
0.228203344
-0.01959002
-0.024786368
0.052540069
0.062616343
0.137080921
0.137495785
