0.108698
0.138813
0.162277
0.177067
0.181497
0.17429
0.154641
0.122283
0.0775225
0.0212666
-0.0449901
-0.119207
-0.198879
-0.281149
-0.362946
-0.441141
-0.512703
-0.574854
-0.625197
-0.661835
-0.683452
-0.689371
-0.679585
-0.654759
-0.616202
-0.565816
-0.506013
-0.439603
-0.369661
-0.299369
-0.231846
-0.169982
-0.116279
-0.0727199
-0.0406763
-0.0208556
-0.0132949
-0.0173954
-0.0319893
-0.0554294
-0.08569
-0.120472
-0.157302
-0.193631
-0.226921
-0.254733
-0.274809
-0.285164
-0.284163
-0.270613
-0.243841
-0.203752
-0.15087
-0.0863489
-0.0119406
0.0700714
0.156974
0.245758
0.333263
0.416338
0.491994
0.557542
0.61072
0.649788
0.673609
0.681696
0.674239
0.652101
0.616782
0.570357
0.51538
0.454755
0.391585
0.329004
0.270006
0.217277
0.173059
0.139041
0.116291
0.105237
0.105679
0.116835
0.137417
0.165705
0.199644
0.236925
0.275078
0.311553
0.343811
0.369412
0.38611
0.391956
0.385396
0.365367
0.331378
0.283569
0.222732
0.150303
0.0683012
-0.0207532
-0.113966
-0.208207
-0.300265
-0.386999
-0.46548
-0.533126
-0.587813
-0.62797
-0.652647
-0.661564
-0.655129
-0.634426
-0.60117
-0.557622
-0.506481
-0.450731
-0.393481
-0.337786
-0.286484
-0.242041
-0.20644
-0.181096
-0.166815
-0.163799
-0.171665
-0.189499
-0.215919
-0.249147
-0.28708
-0.327373
-0.367513
-0.404905
-0.436969
-0.461241
-0.475482
-0.477795
-0.466737
-0.441412
-0.401552
-0.347555
-0.280486
-0.202045
-0.114488
-0.0205179
0.0768424
0.174398
0.268927
0.357329
0.436759
0.504755
0.559343
0.599128
0.623367
0.632004
0.625682
0.605718
0.574041
0.533084
0.485654
0.434766
0.383475
0.334705
0.291091
0.25486
0.227731
0.210866
0.204849
0.209693
0.224871
0.24936
0.281693
0.32002
0.36217
0.405723
0.448092
0.486618
0.518674
0.541786
0.553758
0.552799
0.537633
0.507589
0.462662
0.403532
0.331538
0.248627
0.157256
0.0602758
-0.0392022
-0.137947
-0.23275
-0.32057
-0.398662
-0.464699
-0.516886
-0.554042
-0.575667
-0.581972
-0.573875
-0.552956
-0.521361
-0.481687
-0.436821
-0.389774
-0.343512
-0.300797
-0.264058
-0.235285
-0.215967
-0.207055
-0.208947
-0.221508
-0.244087
-0.275555
-0.314346
-0.358508
-0.405762
-0.453576
-0.499259
-0.540067
-0.573331
-0.596584
-0.607705
-0.605042
-0.587513
-0.554687
-0.506817
-0.444838
-0.370327
-0.285426
-0.192744
-0.095234
0.0039355
0.101522
0.194351
0.279451
0.354194
0.416415
0.464522
0.497581
0.515367
0.518381
0.507819
0.485501
0.453759
0.415291
0.373
0.329828
0.2886
0.25189
0.221909
0.200433
0.188749
0.187631
0.197332
0.217589
0.247637
0.286234
0.331694
0.381936
0.43455
0.486877
0.536124
0.579483
0.614277
0.638101
0.648957
0.645377
0.62651
0.592174
0.542877
0.479788
0.404688
0.319886
0.228112
0.132399
0.0359519
-0.0579943
-0.146317
-0.226149
-0.295018
-0.350972
-0.392682
-0.419515
-0.431568
-0.429659
-0.415265
-0.390429
-0.357625
-0.319603
-0.279233
-0.239351
-0.202624
-0.171438
-0.147815
-0.133349
-0.129165
-0.135896
-0.153669
-0.182096
-0.220285
-0.266851
-0.319952
-0.377342
-0.436445
-0.494461
-0.548491
-0.595679
-0.633366
-0.659229
-0.671418
-0.668655
-0.65031
-0.61643
-0.56774
-0.505612
-0.431995
-0.349335
-0.260466
-0.168486
-0.0766239
0.0119061
0.0940559
0.167093
0.22874
0.277296
0.311732
0.331735
0.337722
0.330799
0.312674
0.28554
0.251937
0.214598
0.176308
0.139768
0.107485
0.0816799
0.0642198
0.0565599
0.0597036
0.0741695
0.0999673
0.136582
0.182974
0.23759
0.298406
0.362995
0.428618
0.49235
0.551221
0.602373
0.643206
0.671527
0.685657
0.684524
0.667715
0.635492
0.588783
0.529137
0.458659
0.379917
0.295833
0.209555
0.124311
0.0432539
-0.0306922
-0.0949895
-0.14762
-0.187193
-0.213017
-0.225119
-0.224225
-0.211693
-0.189405
-0.159649
-0.124974
-0.0880602
-0.0515893
-0.0181373
0.00992035
0.0304866
0.0418084
0.0425338
0.0317624
0.00908896
-0.0253608
-0.0709088
-0.126322
-0.189835
-0.259207
-0.331804
-0.40472
-0.474915
-0.539371
-0.595248
-0.640032
-0.671665
-0.688641
-0.690081
-0.675773
-0.646177
-0.602406
-0.546179
-0.47975
-0.405809
-0.327361
-0.247592
-0.169706
-0.0967666
-0.0315325
0.0236908
0.0671729
0.0978442
0.115336
0.119975
0.112734
0.0951463
0.0691961
0.0371977
0.00167147
-0.0347731
-0.0695429
-0.100155
-0.124321
-0.14002
-0.145572
-0.139702
-0.121607
-0.0910061
-0.048187
0.00597576
0.0700266
0.141969
0.219341
0.299323
0.378875
0.454888
0.524345
0.584467
0.632857
0.667612
0.687405
0.69155
0.680029
0.653492
0.613236
0.561145
0.499616
0.431446
0.359702
0.287566
0.218169
0.154424
0.0988651
0.053515
0.0197857
-0.00157845
-0.0105115
-0.00759501
0.00600836
0.0286457
0.0582785
0.0925915
0.129098
0.16524
0.198478
0.226379
0.246699
0.257465
0.257058
0.244292
0.218491
0.179548
0.127968
0.064874
-0.00801524
-0.0884483
-0.17374
-0.260901
-0.346785
-0.428244
-0.502288
-0.566223
-0.617777
-0.655203
-0.677354
-0.683736
-0.674527
-0.650577
-0.613376
-0.564987
-0.507957
-0.445188
-0.379793
-0.314926
-0.253612
-0.19858
-0.152119
-0.115967
